 61298
   212
 50404
 54941
 41170
 18473
  1050
 59080
 28579
 19025
 42457
 14465
 55855
  5858
 54847
   230
 28531
  7009
  4750
 25137
 53293
 39642
 56933
 14997
 25493
 51639
 44677
 21109
 64990
 29760
 19667
  8124
 14088
 32794
 12484
 26802
 16550
 57141
  1617
  8281
 47917
 12774
 63902
 50983
 16611
 33206
 15656
  6155
 45795
 14340
 10867
  2958
 22058
 35738
  1702
 44361
 51964
 26214
  9114
 12902
 48208
 19118
 16988
 29513
 40994
 30259
 33834
 11644
 25700
 11423
 22251
  8700
 62120
 43706
 29234
 58307
 43008
 56223
 65276
 60421
 55668
 19289
 40025
 31951
 28582
 49933
 47361
 54558
 31469
 18523
 32653
 36002
 42639
  7971
 28046
 25610
 32614
 51305
  2762
  6830
 37469
 41307
 10862
 41388
 24831
 29096
 13045
 27939
  2874
 57805
 46748
 61899
 13611
  8523
 40052
 12852
 27102
 57452
  7934
 25312
 46570
 18371
 10381
 52000
  8257
 54391
 50788
 48305
 15173
 56964
 47269
 52108
 17244
 58648
 58502
  7020
 15430
 21929
 50508
 44216
 49107
 56291
 44419
 40389
 28699
  2529
 13596
 34636
  5278
 55198
  5305
 55195
 46452
 56186
  3245
  9511
 48121
 34778
  4667
 34811
 51793
 12709
 50200
 48611
  8253
 36119
 39135
 38258
 47357
 43601
 36380
 18741
 21590
 58376
 14922
 63957
 45340
 51625
 51716
 38068
 32712
 33074
  5289
 44111
 25576
 18402
 20327
  6042
 54747
 27590
 26024
 38685
  2720
 50505
 17400
 50917
  9779
 31406
 61904
 14103
  9566
 48326
 45781
 52912
 25794
 19436
  9997
 35316
 57108
  9637
 41487
 63596
 44930
 34257
  5063
 26261
 63427
 59144
 17090
   373
 10100
 20650
 25935
 49091
 13007
  4250
 56472
  9173
  4033
 49460
 36405
 47405
 44771
 12866
 33712
  5176
 10491
 16450
 45646
 46710
 26739
 57420
 54705
  3892
  3550
 30123
 18217
 45562
 20447
 47445
 36140
 42743
 64437
 25037
 36312
  4333
 64115
 25677
  6626
 48322
 40473
 50391
 25366
 33404
 51418
 33018
  5488
  7753
 49493
  5621
  8608
 27467
 55031
  3323
 33615
 37427
  5301
 19393
 47623
 59260
 41041
 12582
 10638
  9901
  2863
 11605
 27180
 24668
 33349
 53932
 55076
 39026
 24936
 50339
 26078
 30520
 56229
 27454
 44457
 14452
